Instancja:
1 1 2 2 6 7 8 8 8 9 10 10 16 16 17 18 18 19 20 24 26
Mapa:
2 8 8 1 1 6

Czas działania programu wynosi: 0.002001 sekund.

======================================================================================================================

Instancja:
1 3 6 9 10 10 10 11 11 16 17 19 20 20 21 21 27 30 31 37 40 
Mapa:
3 6 10 1 10 10

Czas działania programu wynosi: 0.0010009 sekund.

======================================================================================================================

Instancja:
2 3 3 4 6 6 9 9 12 12 12 13 15 15 15 15 16 17 18 21 21 24 27 28 29 30 30 30 32 33 33 36 36 38 42 42 45 45 45 48 51 54 57 60 66 
Mapa:
6 3 12 15 2 4 9 3 12

Czas działania programu wynosi: 0.013345 sekund.

======================================================================================================================

Instancja:
1 3 5 9 10 10 11 12 14 15 15 16 17 18 20 21 22 23 25 25 26 26 27 29 32 34 35 35 37 41 42 42 44 45 46 47 52 55 56 57 60 67 70 71 81
Mapa:
10 15 1 9 12 5 15 3 11

Czas działania programu wynosi: 0.0055742 sekund.

======================================================================================================================

Instancja:
4 4 4 4 5 5 7 8 8 8 9 10 11 12 12 13 13 13 14 16 16 17 18 20 20 20 21 21 23 24 24 24 25 25 27 28 29 32 32 33 33 34 34 37 37 37 38 38 39 40 41 43 44 44 46 47 48 48 51 52 54 56 57 58 59 61 62 64 67 69 71 72 75 76 77 80 81 85 
Mapa:
4 4 8 8 4 9 4 7 14 13 5 5

Czas działania programu wynosi: 0.184144 sekund.

======================================================================================================================

Instancja:
1 1 1 2 2 3 5 6 7 8 8 8 9 9 9 9 11 12 14 15 16 17 17 17 17 18 20 21 22 23 23 24 25 26 26 29 29 31 32 32 32 33 34 35 37 40 40 41 41 41 42 43 46 49 49 50 51 52 53 54 58 58 58 63 64 65 66 66 67 72 73 74 75 75 80 81 82 83 
Mapa:
1 1 1 5 9 8 9 9 11 12 9 8

Czas działania programu wynosi: 0.0021635 sekund.

======================================================================================================================

Instancja:
1 2 2 2 2 3 3 5 6 7 7 8 9 10 11 11 12 12 12 12 13 13 14 14 14 14 15 15 15 16 16 17 18 18 18 19 20 20 21 21 22 22 23 23 24 24 25 26 27 27 28 29 29 30 30 30 30 32 32 32 33 33 34 35 35 35 36 37 37 38 39 41 41 42 42 43 43 44 44 45 45 46 48 50 51 52 52 53 54 55 55 56 57 57 57 59 59 59 60 61 62 64 66 68 69 70 71 73 73 74 75 76 80 81 85 87 87 89 92 94 
Mapa:
2 11 1 11 3 7 2 6 12 2 13 3 14 2 5

Czas działania programu wynosi: 5459.04 sekund.

======================================================================================================================

Instancja:
1 1 1 2 5 6 6 6 8 8 9 10 11 12 12 13 13 13 14 14 14 14 14 14 15 18 19 20 20 21 21 22 22 23 23 24 24 24 25 26 26 27 27 27 27 27 28 28 28 29 29 30 30 31 32 33 34 35 37 38 38 38 39 40 40 41 41 42 43 44 44 45 45 46 48 49 50 51 51 51 52 52 52 53 54 55 56 57 57 58 58 59 65 65 65 66 66 67 68 71 71 72 73 77 78 79 79 79 80 85 85 89 91 93 97 99 103 109 111 123
Mapa:
12 12 6 8 13 1 5 8 13 1 1 9 14 6 14

Czas działania programu wynosi: 680.292 sekund